version https://git-lfs.github.com/spec/v1
oid sha256:898c344eaef4512c2cbc3408d019579ca0aba527a6f4e425aec1464f7180e7c3
size 893357
